1 0.714516 0.669492 0.177419 0.418886
1 0.487097 0.364407 0.070968 0.157385
1 0.255645 0.308717 0.072581 0.128329
1 0.398387 0.292978 0.051613 0.111380
1 0.435484 0.253027 0.067742 0.123487
1 0.317742 0.280872 0.048387 0.106538
1 0.280645 0.209443 0.048387 0.075061
1 0.233871 0.196126 0.038710 0.072639
0 0.352419 0.916465 0.150000 0.162228
0 0.564516 0.880145 0.148387 0.205811
0 0.873387 0.759080 0.108065 0.167070
0 0.373387 0.817191 0.108065 0.167070
0 0.286290 0.754237 0.108065 0.167070
0 0.427419 0.648910 0.096774 0.159806
0 0.250000 0.673123 0.096774 0.159806
0 0.393548 0.550847 0.083871 0.133172
0 0.487903 0.512107 0.066129 0.108959
0 0.500806 0.468523 0.066129 0.108959
0 0.358065 0.509685 0.064516 0.108959
0 0.187903 0.405569 0.053226 0.084746
