2 0.571333 0.443000 0.153333 0.262000
2 0.855333 0.643000 0.188000 0.382000
2 0.672000 0.236000 0.082667 0.164000
2 0.798000 0.171000 0.054667 0.106000
0 0.348000 0.884000 0.184000 0.232000
0 0.669333 0.784000 0.146667 0.216000
0 0.444667 0.708000 0.108000 0.168000
0 0.484667 0.620000 0.108000 0.168000
0 0.712667 0.588000 0.108000 0.168000
0 0.751333 0.434000 0.081333 0.104000
0 0.862000 0.397000 0.068000 0.098000
0 0.740000 0.372000 0.061333 0.096000
0 0.772667 0.313000 0.054667 0.066000
0 0.762667 0.270000 0.042667 0.056000
0 0.092000 0.321000 0.069333 0.090000
0 0.049333 0.275000 0.069333 0.090000
0 0.238000 0.254000 0.057333 0.076000
0 0.118000 0.244000 0.057333 0.076000
0 0.264000 0.192000 0.050667 0.064000
0 0.328667 0.165000 0.041333 0.062000
0 0.414667 0.161000 0.034667 0.042000
