1 0.456000 0.809000 0.181333 0.326000
1 0.615333 0.562000 0.100000 0.184000
1 0.776000 0.582000 0.149333 0.280000
1 0.734000 0.401000 0.089333 0.158000
1 0.693333 0.351000 0.080000 0.158000
1 0.804667 0.371000 0.052000 0.114000
1 0.853333 0.318000 0.056000 0.120000
1 0.939333 0.294000 0.057333 0.104000
2 0.142667 0.642000 0.232000 0.288000
2 0.529333 0.488000 0.170667 0.228000
2 0.768667 0.256000 0.065333 0.112000
1 0.403333 0.297000 0.057333 0.062000
1 0.575333 0.230000 0.036000 0.060000
1 0.497333 0.286000 0.040000 0.072000
1 0.702667 0.150000 0.034667 0.068000
1 0.730000 0.138000 0.033333 0.064000
1 0.390000 0.265000 0.062667 0.078000
1 0.982000 0.181000 0.036000 0.062000
0 0.286000 0.773000 0.124000 0.178000
0 0.899333 0.389000 0.054667 0.086000
0 0.352000 0.344000 0.048000 0.080000
0 0.405333 0.350000 0.048000 0.080000
0 0.449333 0.367000 0.042667 0.066000
1 0.478667 0.307000 0.040000 0.066000
0 0.557333 0.311000 0.040000 0.062000
0 0.598667 0.279000 0.040000 0.062000
0 0.643333 0.229000 0.030667 0.046000
0 0.856667 0.233000 0.030667 0.046000
0 0.906000 0.231000 0.030667 0.046000
1 0.156667 0.385000 0.062667 0.078000
