2 0.379167 0.295000 0.043889 0.073333
2 0.379722 0.416250 0.066111 0.129167
2 0.600000 0.577500 0.138889 0.235000
2 0.738056 0.550417 0.148333 0.235833
1 0.476667 0.687083 0.138889 0.249167
1 0.311944 0.854583 0.168333 0.290833
1 0.452778 0.466250 0.053333 0.084167
1 0.433333 0.350833 0.055556 0.125000
1 0.447500 0.397917 0.049444 0.089167
0 0.233889 0.572083 0.068889 0.099167
0 0.640278 0.801667 0.110556 0.158333
0 0.753611 0.704583 0.105000 0.130833
0 0.916944 0.837917 0.127222 0.154167
0 0.831389 0.943333 0.153889 0.113333
0 0.539444 0.462917 0.050000 0.067500
0 0.584722 0.417917 0.041667 0.052500
0 0.516944 0.391250 0.041667 0.052500
2 0.929444 0.318750 0.056667 0.080833
