2 0.355082 0.090244 0.048077 0.087805
2 0.770604 0.751220 0.315934 0.497561
0 0.598214 0.909756 0.135989 0.180488
0 0.544643 0.782927 0.135989 0.180488
0 0.385302 0.790244 0.135989 0.180488
0 0.252060 0.918293 0.130495 0.163415
0 0.064560 0.902439 0.126374 0.195122
0 0.103022 0.650000 0.098901 0.143902
0 0.236264 0.747561 0.098901 0.158537
0 0.354396 0.631707 0.090659 0.151220
0 0.467033 0.617073 0.090659 0.151220
0 0.447115 0.519512 0.075549 0.121951
0 0.245192 0.604878 0.075549 0.121951
0 0.138049 0.543902 0.075549 0.121951
0 0.150412 0.414634 0.070055 0.112195
0 0.335165 0.442683 0.068681 0.124390
0 0.412088 0.430488 0.068681 0.124390
1 0.405907 0.334146 0.083791 0.175610
0 0.162088 0.345122 0.049451 0.080488
0 0.324863 0.374390 0.056319 0.100000
0 0.030907 0.328049 0.048077 0.095122
0 0.065934 0.265854 0.035714 0.063415
0 0.018544 0.226829 0.034341 0.063415
0 0.171703 0.318293 0.041209 0.070732
