2 0.316923 0.512295 0.107692 0.210383
2 0.320769 0.397541 0.075385 0.133880
2 0.403846 0.349727 0.050769 0.103825
2 0.410000 0.265027 0.041538 0.071038
2 0.844615 0.658470 0.206154 0.382514
1 0.669231 0.379781 0.046154 0.114754
1 0.850000 0.484973 0.087692 0.166667
0 0.149231 0.904372 0.113846 0.169399
0 0.111538 0.751366 0.109231 0.169399
0 0.203846 0.614754 0.081538 0.120219
0 0.402308 0.851093 0.078462 0.177596
0 0.530000 0.747268 0.060000 0.155738
0 0.366154 0.665301 0.061538 0.122951
0 0.445385 0.648907 0.060000 0.122951
0 0.530000 0.584699 0.044615 0.103825
0 0.443846 0.547814 0.035385 0.073770
0 0.259231 0.493169 0.035385 0.073770
0 0.793846 0.394809 0.046154 0.068306
0 0.696923 0.295082 0.024615 0.043716
0 0.777692 0.316940 0.032308 0.049180
0 0.534615 0.484973 0.035385 0.073770
0 0.471538 0.487705 0.035385 0.073770
0 0.422308 0.434426 0.032308 0.060109
0 0.482308 0.431694 0.032308 0.060109
0 0.525385 0.415301 0.032308 0.060109
0 0.441538 0.378415 0.024615 0.046448
0 0.473846 0.368852 0.027692 0.049180
0 0.520769 0.356557 0.020000 0.040984
