0 0.296875 0.939583 0.129688 0.120833
0 0.202344 0.636111 0.079687 0.088889
0 0.326562 0.598611 0.060937 0.083333
0 0.605078 0.618056 0.058594 0.094444
0 0.714063 0.668750 0.079687 0.123611
0 0.884766 0.772222 0.125781 0.161111
0 0.434766 0.522222 0.035156 0.050000
0 0.404687 0.464583 0.035937 0.040278
0 0.362109 0.464583 0.035156 0.048611
0 0.541406 0.443056 0.029687 0.038889
2 0.611328 0.419444 0.063281 0.097222
0 0.455078 0.447917 0.024219 0.034722
0 0.412891 0.438889 0.021094 0.027778
0 0.394141 0.418056 0.017969 0.025000
0 0.433203 0.413194 0.019531 0.026389
0 0.533594 0.407639 0.017188 0.023611
2 0.415234 0.386111 0.030469 0.047222
0 0.444531 0.393750 0.014063 0.018056
0 0.569141 0.390278 0.013281 0.022222
0 0.472266 0.389583 0.013281 0.023611
0 0.555859 0.374306 0.011719 0.018056
0 0.528125 0.389583 0.015625 0.023611
0 0.437500 0.379167 0.010937 0.019444
