1 0.628333 0.830000 0.076667 0.180000
1 0.638333 0.535556 0.033333 0.053333
0 0.295833 0.916667 0.078333 0.122222
0 0.540833 0.712222 0.058333 0.082222
0 0.699167 0.734444 0.058333 0.082222
0 0.437500 0.625556 0.041667 0.060000
0 0.490000 0.551111 0.036667 0.053333
0 0.563333 0.606667 0.036667 0.053333
0 0.695000 0.624444 0.036667 0.053333
0 0.510000 0.485556 0.030000 0.033333
0 0.596667 0.517778 0.030000 0.044444
0 0.699167 0.580000 0.028333 0.040000
0 0.575000 0.461111 0.026667 0.033333
