1 0.157504 0.575067 0.098068 0.195710
2 0.842496 0.178284 0.062407 0.088472
2 0.729569 0.135389 0.047548 0.072386
0 0.111441 0.896783 0.118871 0.206434
0 0.372957 0.780161 0.089153 0.144772
0 0.676820 0.843164 0.102526 0.206434
0 0.924963 0.781501 0.102526 0.206434
0 0.895988 0.660858 0.086181 0.131367
0 0.709510 0.694370 0.087667 0.144772
0 0.254829 0.671582 0.081724 0.136729
0 0.421991 0.545576 0.059435 0.093834
0 0.297177 0.561662 0.059435 0.093834
0 0.344725 0.447721 0.050520 0.075067
0 0.667905 0.553619 0.060921 0.088472
0 0.559435 0.446381 0.046062 0.088472
0 0.693165 0.502681 0.046062 0.088472
0 0.796434 0.475871 0.053492 0.109920
0 0.751857 0.426273 0.038633 0.080429
0 0.713224 0.453083 0.038633 0.080429
0 0.711738 0.386059 0.035661 0.069705
0 0.386330 0.391421 0.035661 0.064343
0 0.453938 0.399464 0.034175 0.053619
1 0.609212 0.398123 0.029718 0.061662
1 0.661961 0.391421 0.037147 0.058981
0 0.539376 0.348525 0.026746 0.042895
0 0.582467 0.352547 0.023774 0.045576
