2 0.547692 0.697260 0.120000 0.298630
2 0.573077 0.394521 0.038462 0.098630
1 0.680000 0.665753 0.076923 0.147945
1 0.846154 0.394521 0.055385 0.109589
1 0.786923 0.373973 0.044615 0.084932
0 0.573846 0.957534 0.120000 0.084932
0 0.700000 0.761644 0.080000 0.126027
0 0.836154 0.783562 0.087692 0.142466
0 0.944615 0.854795 0.110769 0.219178
0 0.924615 0.672603 0.073846 0.123288
0 0.826154 0.582192 0.064615 0.101370
0 0.739231 0.623288 0.056923 0.090411
0 0.760000 0.541096 0.046154 0.079452
0 0.903846 0.495890 0.044615 0.060274
1 0.945385 0.416438 0.050769 0.098630
0 0.718462 0.501370 0.036923 0.071233
0 0.606154 0.558904 0.040000 0.071233
0 0.646923 0.500000 0.044615 0.084932
0 0.526923 0.508219 0.035385 0.068493
0 0.566923 0.491781 0.035385 0.068493
0 0.776154 0.439726 0.032308 0.052055
0 0.910000 0.427397 0.029231 0.054795
0 0.505385 0.486301 0.035385 0.068493
0 0.613846 0.471233 0.030769 0.060274
0 0.656154 0.439726 0.026154 0.046575
